1["Block",[0, 0, 0],[0, 0, 0],[0.00392157, 0.533333, 0.0392157],[44.099998474121094, 1, 44.499996185302734],"Grass",true,true,true,0,0,false]
2["Block",[-22.35000228881836, 0, -50.29999542236328],[0, 0, 0],[0.686275, 0.443137, 0.184314],[88.79999542236328, 1, 56.099998474121094],"WoodPlanks",true,true,true,0,0,false]
3["Block",[-22.35000228881836, 12.40000057220459, -79.09999465942383],[0, 0, 0],[0.72549, 0.623529, 0.364706],[88.79999542236328, 25.799999237060547, 1.4999982118606567],"Plastic",true,true,true,0,0,false]
4["Block",[-37.55000114440918, 12.40000057220459, -22.899906158447266],[0, 0, 0],[0.72549, 0.623529, 0.364706],[58.399993896484375, 25.799999237060547, 1.4999992847442627],"Plastic",true,true,true,0,0,false]
5["Block",[15.649995803833008, 12.40000057220459, -22.899906158447266],[0, 0, 0],[0.72549, 0.623529, 0.364706],[12.7999906539917, 25.799999237060547, 1.4999992847442627],"Plastic",true,true,true,0,0,false]
6["Block",[22.79999351501465, 12.40000057220459, -50.99991989135742],[0, 0, 0],[0.72549, 0.623529, 0.364706],[1.4999908208847046, 25.799999237060547, 57.70000076293945],"Plastic",true,true,true,0,0,false]
7["Block",[-67.5000057220459, 12.40000057220459, -50.99991989135742],[0, 0, 0],[0.72549, 0.623529, 0.364706],[1.4999908208847046, 25.799999237060547, 57.70000076293945],"Plastic",true,true,true,0,0,false]
8["Block",[0.4499950408935547, 23.549999237060547, -22.899906158447266],[0, 0, 0],[0.72549, 0.623529, 0.364706],[17.599992752075195, 3.499998092651367, 1.4999992847442627],"Plastic",true,true,true,0,0,false]
9["Wedge",[-22.35004234313965, 31.75, -35.3499174118042],[0, 180, 0],[0.639216, 0.635294, 0.647059],[91.79999542236328, 12.90000057220459, 31.19999885559082],"Plastic",true,false,true,0,0]false]
10["Wedge",[-22.35004234313965, 31.75, -65.94991683959961],[0, 0, 0],[0.639216, 0.635294, 0.647059],[91.79999542236328, 12.899999618530273, 30],"Plastic",true,false,true,0,0]false]
